8220
5367
1693
8859
2669
5223
4221
6876
6954
5759
1032
5172
9289
593
6609
1444
2359
7909
498
1136
765
7201
8889
4706
111
4231
4752
936
255
2091
4602
9483
5950
8847
3657
2989
6146
2813
8925
7326
3651
9745
823
6074
9360
9841
3643
9586
9407
7577
1844
6854
945
1927
8177
12
2355
832
2157
1520
9537
3645
5677
1593
2389
8550
8578
8691
1565
233
1550
3485
9131
9270
8323
6033
8550
9514
4151
4892
1261
9558
8932
7946
8844
1292
4236
1567
6999
406
9833
4484
35
7570
4098
7836
6660
3630
4970
5537
6449
4668
9715
3184
3988
6034
1520
3806
7309
3905
5592
2149
3558
3967
853
624
2417
2003
1772
8559
542
3053
3128
3286
1113
4591
9903
8296
9952
4076
8998
8348
3969
8860
2480
2809
1282
3529
6241
6260
9467
8841
7970
7810
4861
1528
2429
1148
7606
4257
5239
143
1468
264
8445
9004
2887
4968
4199
9555
5356
3076
4394
102
3875
2940
1674
3805
2650
5326
9868
1270
3890
3382
1641
7623
1463
9396
5854
2994
5918
505
8144
5043
871
2733
4526
1465
4913
8463
2431
5071
5916
4522
3994
2405
1242
2817
4388
9824
5247
4023
7395
4506
2008
2637
545
5975
2248
7497
5693
9782
5084
1551
5132
4609
7648
3935
765
849
8939
4458
2345
8880
9878
994
7417
6268
26
9374
1170
4725
7830
5110
7339
8404
1248
561
7663
6887
723
1913
2814
4845
2982
6264
4318
9259
6334
753
9678
9432
5657
7549
4027
1163
3195
528
3884
9631
8087
7047
8904
9473
5907
7857
5528
8678
9741
3879
4134
6715
7116
6777
7076
1146
2735
5223
1706
7701
8546
8
4775
1091
4704
2347
3688
5364
3842
7512
3879
6963
7140
4161
1147
8935
1305
4890
493
8437
597
4098
5067
3910
3048
8749
7077
4193
9323
5152
7492
4949
7203
5673
4330
948
2306
2008
7765
5167
2428
1421
8782
6410
9463
6159
5982
1228
6348
8662
2159
5366
5675
2535
1840
6029
9915
3642
5939
3542
7374
8104
2689
6621
1522
1862
2333
8193
5700
7721
3477
2335
1920
4277
7460
9162
6003
5190
2277
2372
5281
3914
7666
4620
691
3433
27
8260
2680
7393
9699
5405
2220
2499
8579
2177
7494
7460
6402
1869
1675
3809
1452
5225
16
7698
830
2710
7596
8121
2388
3619
5580
7960
9546
4795
8064
3612
9471
7438
9011
8377
6200
5610
8617
9731
9201
3494
5617
3943
2621
9708
7289
964
7646
8977
3328
6922
4320
7138
4758
4429
6096
9372
2048
629
6443
7847
5560
5877
3505
7584
7602
4869
2936
9330
1657
3583
9356
7776
2215
2819
7604
2770
4723
5223
4496
8394
8821
7119
4654
4498
5301
3460
6524
1555
5394
2836
2664
1140
9966
583
2084
9981
1830
8441
7285
8199
1824
6952
9306
4051
9789
5452
7337
2179
8302
2237
1493
5081
3394
8438
9948
4858
397
3461
8925
6334
8053
4939
1095
2503
5750
6502
540
7483
7077
1576
7460
1631
2242
3284
9582
4002
8358
2501
1377
7076
8348
4587
4865
4561
7084
4419
8717
8014
8466
7137
5221
9983
5438
4541
4937
9298
2276
9847
7661
2540
675
4040
441
925
8179
1671
7884
3554
8423
1156
432
2904
2755
9924
328
2248
3463
3466
6791
243
3048
3583
5882
2651
8080
1373
3765
8619
6940
4349
9388
4868
3748
6043
9671
8389
7927
2051
1513
807
9508
4811
1738
914
8901
9325
8719
8447
5542
3823
3947
2124
6612
1328
9440
2085
8256
5281
2046
3381
7810
9629
892
3656
1098
8407
8804
5868
3106
8687
7415
2708
6800
4064
7954
712
6120
3769
9977
6813
7933
6198
4816
6684
2936
5866
9337
9842
5745
1275
7383
4948
1242
9546
9809
1420
6636
8702
4386
8020
8584
76
6013
7262
4064
8389
9389
6717
1214
828
5547
8996
866
4226
3273
3465
7193
4656
1947
1110
6184
4992
5829
5308
1704
1673
5967
388
2252
4261
7302
547
9118
3504
6972
9064
3015
1839
5023
2262
5341
2315
6423
9225
7750
2841
969
3591
9195
9431
5689
7012
2200
8741
8668
4833
4816
4045
3211
659
7774
9408
6675
8700
1014
6031
3482
2952
729
5779
6988
7605
423
4713
8675
4143
7311
701
9365
9816
7986
5858
5783
7697
9974
6316
7216
5128
3543
2906
3128
2654
4375
2259
3599
5202
4165
108
3882
8399
8924
2115
9256
1936
5986
1515
4610
7036
6561
9588
2369
5137
5011
9686
8346
3569
7510
7338
980
6515
2879
7861
9114
2280
7978
338
9084
5756
48
7531
1792
4740
5857
5204
9782
3754
929
3876
6825
7441
4687
3392
5057
1527
3216
6598
1877
2583
4811
9539
61
7784
8765
721
5046
2150
6380
7521
6303
299
1849
7889
3601
4297
1055
7081
4155
9014
1256
8584
8026
3269
8734
4070
9480
2765
9198
9366
5388
5688
1177
6923
6447
6234
8197
8931
7935
7404
4353
7091
6236
8212
6917
7233
799
5523
7111
5960
1755
362
1802
6108
4555
8298
7361
3546
5611
2119
1410
5195
4867
8456
1701
341
6846
5261
8971
7406
7897
285
3404
718
1255
1164
8761
4895
6032
4053
5264
8868
4362
346
1085
4195
5680
2181
5581
3392
1134
7513
8574
3064
9903
5322
9939
4071
8878
9542
4276
230
1160
4734
3297
708
227
7061
6647
528
7640
5524
8988
1201
9035
9496
5812
6146
6587
6777
4869
588
9205
8023
5112
6674
7011
2723
3430
8323
4338
4231
3266
7248
513
5267
1622
7371
5205
4485
4757
1991
745
9140
3119
7714
2627
1098
1091
5452
4450
4043
2366
1058
2228
8806
4066
4684
2995
5783
4579
7887
4879
4342
9322
511
2311
336
8076
6005
5169
2687
7301
8873
1177
9225
1950
8668
9622
818
6654
2405
6424
9311
2748
8214
9134
1816
5154
2906
420
249
2365
6573
7465
966
9569
1848
7278
9160
329
759
8523
9367
8477
7929
9708
2118
6492
5524
5128
3846
2553
1666
3298
9896
4594
7644
5032
6851
3146
1089
537
2574
4137
7794
3188
3082
1257
6894
699
6559
3649
6357
3590
2258
2031
8492
5476
4832
9774
9900
9565
7017
6151
8150
1554
8027
3204
9511
9766
3786
4896
8948
5494
7001
9994
9315
5859
3512
1304
6341
1809
6795
2231
3043
2456
5650
4849
3572
7031
7034
4008
3161
2968
3855
5070
1990
1086
44
487
2381
8844
4193
9526
8552
1647
3504
901
3874
3963
9508
6208
8370
3396
9054
7824
8453
4563
2621
1909
6344
3368
3033
5917
3727
5454
13
1425
2757
9434
3694
2239
4064
1517
7932
9026
5952
6745
1909
7501
6004
4144
8432
2423
8296
4376
3708
4639
6351
7307
2198
4321
9609
3531
9921
9217
9474
7427
8101
132
2887
6264
6982
6271
3765
1230
1696
4711
7408
6327
4988
1847
8237
3590
8082
8047
9276
7986
7515
7913
5125
7334
2225
7912
4302
1749
1941
9033
3526
2299
8205
9452
1057
8030
6056
4027
4897
387
7119
5976
269
8589
5034
3478
4448
9361
7500
2270
4001
4709
3229
6994
4779
7878
1634
6653
7192
1945
6554
8873
2175
2473
1559
5595
8534
1919
3831
9657
8374
7616
3679
4923
5738
9408
5747
991
4483
1204
1620
3302
972
5
5462
5597
164
3169
8541
8406
589
8731
9428
356
2672
674
7209
7814
5483
4576
3064
4330
9161
4761
9139
6787
2652
5699
4907
9029
2137
5780
6269
541
8239
7591
4476
1182
950
7113
5862
5622
3824
1424
1126
3871
8687
3594
758
1073
8355
4579
4623
6948
2477
8129
8559
9076
2198
2714
4117
6173
4549
5317
7131
630
9841
9406
929
5274
2163
7154
9106
3777
9430
9946
1781
4557
6318
1829
6227
7440
5475
1582
3039
347
552
7709
8151
1106
6476
8729
8518
955
9421
4155
9891
3157
5107
3838
5737
7236
7136
9714
2628
5579
1234
7407
3941
4755
9795
1191
2
599
61
3796
9965
2818
8093
5233
1215
7520
1523
8133
8033
7826
931
410
5271
5789
8091
635
2650
9938
2785
6331
3472
9383
3369
1043
9625
9892
3136
9363
3305
715
4152
4714
317
1486
9120
1025
3516
3284
2414
1089
3179
1382
780
2949
8909
7156
7853
426
4294
3589
9050
3970
6506
3387
7678
5112
6502
1781
2314
3118
4042
3486
3605
3715
4562
6531
8180
3344
3568
9009
9186
657
7816
5820
1580
9841
6120
8349
3580
4574
8929
4051
5263
1563
3366
7546
7445
404
1104
889
9861
8044
9883
5909
4955
5091
49
7267
8207
5700
4001
3035
4834
6490
1052
72
9831
1170
556
8396
8684
587
3504
1072
9732
6250
7288
456
7635
4874
7386
4949
9029
8017
4367
8805
1451
3534
6590
7189
51
6527
7954
454
5075
5983
682
9933
3137
619
5053
4837
5138
5029
7415
5711
4493
1138
4581
4905
7931
767
4217
6669
5806
3537
5178
8064
139
6281
7564
1803
1493
8725
2903
1462
4647
9300
1062
1280
654
4130
6367
8267
2321
8465
8922
5813
6926
9241
8207
2849
7698
8406
8209
5892
1428
6975
4513
6187
1646
9015
6096
1785
4153
3452
1284
5711
9973
3613
6294
6756
8594
7321
3046
1860
4221
610
4028
1477
2762
8929
9900
5412
91
1875
1829
5454
7338
9520
4310
9835
7481
2076
7693
7172
6355
5398
7726
1653
6590
9455
9724
6126
2736
3637
5303
9571
331
1981
7202
1412
9735
4622
3439
7846
8090
8666
5914
8784
5110
8680
8175
4018
7215
8540
5256
4976
2007
6105
2951
1628
1065
5341
9453
2929
9518
2202
8021
2844
8415
7636
7263
229
5319
1702
3756
2220
9684
2159
6643
1070
5163
8299
1807
3254
8709
8956
5013
7840
2729
2407
4421
9369
2135
5451
8524
2098
7774
5451
8595
6003
2859
1069
2281
9197
528
4891
1800
472
8620
4295
8678
8651
5164
8316
4586
8409
1870
2671
2248
8008
5053
4676
5403
3246
5646
1933
9230
4692
5542
5533
2376
5676
8550
5595
8001
4415
3332
4514
8741
5199
5255
4037
868
5627
622
1504
5204
7809
1678
1098
2292
445
6407
6550
2541
1808
353
2024
8455
4540
88
4133
5637
4315
8433
1427
574
2096
7064
6095
1481
9989
3784
4014
4612
6803
5286
5483
1153
7681
9466
271
6974
2211
8874
1743
5631
723
3045
5327
1722
3885
7593
7540
3455
3157
5794
9176
2930
9379
6816
2550
4791
1950
4163
244
7480
7847
9270
769
4021
4972
4277
68
2553
2749
1612
6948
9413
7291
2653
8614
2748
7164
4301
7729
651
3868
1981
3758
6274
5901
2576
3242
9218
9199
9597
6525
8549
26
4979
8565
8773
8696
2483
9884
410
4208
5759
9929
8516
7309
2862
3490
2769
269
24
9615
3851
4229
8836
2841
2529
1842
1180
6577
1169
5258
1289
9069
1711
1217
8177
2013
2356
8103
7481
1788
4757
5247
8825
7346
4415
7739
6411
4278
8764
7939
1230
6209
9461
6964
2941
1101
4724
373
5128
5805
501
2756
6060
390
2569
5135
2260
2587
886
4927
3179
5798
6622
5823
2508
8722
2841
794
8712
5254
3474
7458
2019
1724
4508
6253
2796
9151
9967
4698
4679
2019
3011
7810
1353
1566
2375
5897
383
6180
8863
4211
4732
5216
1336
995
3645
3790
2264
175
9642
7975
663
9663
7387
9859
7988
1989
3220
6258
6838
1382
7759
7654
3264
3702
3925
1160
8255
9042
2680
2699
7907
5559
6720
4078
2168
176
4816
9498
2816
8716
3700
2539
4750
4366
7082
5452
7793
8062
2697
3403
2668
3677
6786
8940
7710
7830
7682
4153
2355
591
5794
3462
3878
3919
3163
3842
289
6345
1977
1466
883
2791
1051
6248
6764
1330
5395
5897
7192
3805
2528
941
6998
9378
1430
7095
2627
7252
1687
4019
1752
7027
8448
1159
2573
4430
5922
3970
6296
9763
1500
9570
5910
9874
6930
4306
6421
2016
6140
3232
6075
407
2444
3772
7623
8554
4765
3884
1522
3733
9061
2108
929
4387
5688
5859
9338
3162
8457
4433
9009
6242
3420
6085
7454
6515
9229
4395
2284
5931
5319
4098
1632
7774
2754
428
8356
4168
5228
9566
7359
94
9715
2743
4195
1795
1036
1694
787
3670
2563
3060
1231
8969
4223
1736
6206
6764
4449
473
886
5048
1689
1318
6618
8135
2821
5889
7489
2448
3863
3443
6015
8882
3026
7641
4194
7750
8145
1467
3259
4982
3300
9405
9143
2188
8280
9711
810
4659
4529
1375
5687
5530
550
7935
9757
4679
2426
7376
9857
6152
5602
4909
5492
4116
9880
2277
8594
4512
3067
8304
8790
1758
2177
6034
7837
8432
2730
4750
406
8922
5698
9586
7698
9414
8130
3680
93
6928
4995
9404
425
5809
1121
9809
20
9002
5480
8863
9222
2534
3438
623
537
1282
8653
3751
4948
3017
4538
7624
2966
6311
5495
5636
4188
4415
3665
1214
6175
3864
7367
5466
9709
5634
2040
9187
6258
2118
8807
6811
5730
2988
8158
7805
7590
6278
8012
7886
4081
330
6397
98
9358
829
868
1851
1752
170
5847
7613
9189
6481
1287
733
5312
7533
4683
4279
3442
7822
6632
3326
9948
4805
4927
4718
1011
8206
9443
173
9976
1031
7637
5152
8739
6047
4446
1723
6523
7882
488
1856
3765
6337
633
5033
1527
3174
6365
128
6584
2421
6624
2427
5574
6294
8277
453
2899
1918
2245
6391
7116
1861
2103
6998
3191
6131
9176
6742
3337
3828
6200
9453
1650
7179
2257
498
6118
770
4836
979
5496
5375
7970
6934
6804
9378
867
1463
330
6074
1303
2305
1842
8248
5623
6232
3696
6316
7495
6162
4742
3563
7770
6710
5888
9730
530
6780
1392
3428
4706
9828
9446
5455
3794
1459
5004
5709
5407
664
8684
8695
4460
7133
7086
467
2201
2889
2769
8318
6158
8802
6261
4324
9188
256
5171
5100
3888
2700
5290
2225
7037
7735
2231
6395
3669
247
6192
8109
4299
9180
9837
231
8088
6257
6963
7067
8049
3006
4654
3564
8305
9547
5147
7443
9080
5390
2207
2284
5888
3701
9464
2733
9559
9312
6654
9382
8990
3317
3748
1171
733
3111
7041
2719
4688
6864
214
6435
8802
8363
2188
5820
5653
6127
5259
715
2972
1446
5097
1461
1909
5740
893
6139
2885
5138
1999
452
209
6513
2878
3558
4919
9292
3725
2803
9496
9311
7275
8336
4706
9860
2157
3393
3581
2356
3802
1600
7954
5978
8132
3277
5907
8499
8862
303
6283
354
7262
2025
5043
2560
1232
9448
830
7968
9924
1656
7362
7649
9845
885
7092
5836
6519
7215
7982
5293
5004
6855
3359
5967
6547
7559
4447
7056
3582
8110
4973
7476
3855
281
9608
7909
7646
2621
790
679
8985
4432
1348
1402
2201
7495
9995
8489
7389
9322
2299
3455
4709
4756
4663
9737
8812
2487
2796
9094
51
8460
3343
6332
8534
200
3107
9652
7038
8762
5027
2485
6370
960
5234
6510
7706
8314
6028
7245
9778
5446
9161
8013
1096
2810
6094
9404
2050
3329
5471
9626
1919
908
629
9981
6744
5626
6392
9986
4226
2146
3801
1166
739
5149
4095
226
2606
2577
8076
5517
941
